*******************
	servinsp1
*******************

Generated Random Numbers:
[0.63035019, 0.17898833, 0.92217899, 0.6381323, 0.21789883, 0.11673152, 0.61089494, 0.08171206, 0.43579767, 0.20622568, 0.05836576, 0.31906615, 0.62256809, 0.14007782, 0.72762646, 0.66536965, 0.3540856, 0.79766537, 0.0155642, 0.10505837, 0.55252918, 0.78988327, 0.9766537, 0.91050584, 0.57976654, 0.92607004, 0.65758755, 0.3151751, 0.60311284, 0.04280156, 0.24124514, 0.23346304, 0.19455253, 0.0, 0.02723735, 0.16342412, 0.84435798, 0.24902724, 0.27237354, 0.38910506, 0.97276265, 0.89105058, 0.48249027, 0.43968872, 0.22568093, 0.15564202, 0.80544747, 0.05447471, 0.29961089, 0.52529183, 0.6536965, 0.29571984, 0.50583658, 0.55642023, 0.80933852, 0.07392996, 0.39688716, 0.01167315, 0.08560311, 0.45525292, 0.30350195, 0.54474708, 0.75097276, 0.78210117, 0.93774319, 0.71595331, 0.60700389, 0.06225681, 0.3385214, 0.71984436, 0.62645914, 0.15953307, 0.82490272, 0.15175097, 0.78599222, 0.95719844, 0.81322957, 0.09338521, 0.49416342, 0.49805447, 0.51750973, 0.61478599, 0.10116732, 0.53307393, 0.692607, 0.49027237, 0.47859922, 0.42023346, 0.12840467, 0.6692607, 0.37354086, 0.89494163, 0.50194553, 0.53696498, 0.71206226, 0.58754864, 0.96498054, 0.85214008, 0.28793774, 0.46692607, 0.3618677, 0.83657588, 0.21011673, 0.07782101, 0.41634241, 0.10894942, 0.57198444, 0.88715953, 0.46303502, 0.34241245, 0.73929961, 0.72373541, 0.6459144, 0.25680934, 0.31128405, 0.58365759, 0.94552529, 0.75486381, 0.80155642, 0.03501946, 0.20233463, 0.03891051, 0.22178988, 0.13618677, 0.70817121, 0.56809339, 0.86770428, 0.36575875, 0.85603113, 0.307393, 0.56420233, 0.84824903, 0.26848249, 0.36964981, 0.87548638, 0.40466926, 0.05058366, 0.28015564, 0.42801556, 0.16731518, 0.86381323, 0.3463035, 0.75875486, 0.82101167, 0.13229572, 0.68871595, 0.47081712, 0.38132296, 0.93385214, 0.69649805, 0.50972763, 0.57587549, 0.90661479, 0.56031128, 0.82879377, 0.17120623, 0.88326848, 0.44357977, 0.24513619, 0.25291829, 0.29182879, 0.48638132, 0.45914397, 0.3229572, 0.64202335, 0.23735409, 0.21400778, 0.09727626, 0.51361868, 0.59533074, 0.00389105, 0.04669261, 0.26070039, 0.3307393, 0.68093385, 0.43190661, 0.18677043, 0.96108949, 0.83268482, 0.19066148, 0.98054475, 0.92996109, 0.6770428, 0.41245136, 0.08949416, 0.47470817, 0.40077821, 0.0311284, 0.18287938, 0.94163424, 0.73540856, 0.70428016, 0.54863813, 0.77042802, 0.87937743, 0.42412451, 0.14785992, 0.76653696, 0.85992218, 0.32684825, 0.6614786, 0.33463035, 0.70038911, 0.52918288, 0.67315175, 0.39299611, 0.9922179, 0.98832685, 0.9688716, 0.87159533, 0.38521401, 0.95330739, 0.79377432, 0.99610895, 0.0077821, 0.06614786, 0.35797665, 0.81712062, 0.11284047, 0.59143969, 0.9844358, 0.94941634, 0.77431907, 0.89883268, 0.52140078, 0.63424125, 0.19844358, 0.01945525, 0.12451362, 0.64980545, 0.27626459, 0.40856031, 0.07003891, 0.37743191, 0.91439689, 0.59922179, 0.0233463, 0.14396887, 0.74708171, 0.76264591, 0.84046693, 0.22957198, 0.17509728, 0.90272374, 0.54085603, 0.73151751, 0.6848249, 0.45136187, 0.28404669, 0.44747082, 0.26459144, 0.35019455, 0.77821012, 0.91828794, 0.61867704, 0.12062257, 0.63035019, 0.17898833, 0.92217899, 0.6381323, 0.21789883, 0.11673152, 0.61089494, 0.08171206, 0.43579767, 0.20622568, 0.05836576, 0.31906615, 0.62256809, 0.14007782, 0.72762646, 0.66536965, 0.3540856, 0.79766537, 0.0155642, 0.10505837, 0.55252918, 0.78988327, 0.9766537, 0.91050584, 0.57976654, 0.92607004, 0.65758755, 0.3151751, 0.60311284, 0.04280156, 0.24124514, 0.23346304, 0.19455253, 0.0, 0.02723735, 0.16342412, 0.84435798, 0.24902724, 0.27237354, 0.38910506, 0.97276265, 0.89105058, 0.48249027, 0.43968872]
------------
Testing for Uniformity:
------------
For 10 Bins
Generated R:
[32, 32, 31, 30, 29, 27, 33, 26, 29, 31]
Expected R:
[30.0, 30.0, 30.0, 30.0, 30.0, 30.0, 30.0, 30.0, 30.0, 30.0]
X2 of generated numbers, compare to uniform distribution is 1.53
------------
For 30 Bins
Generated R:
[12, 11, 9, 11, 10, 11, 10, 12, 9, 11, 9, 10, 8, 11, 10, 8, 10, 9, 13, 10, 10, 9, 8, 9, 10, 9, 10, 11, 9, 11]
Expected R:
[10.0, 10.0, 10.0, 10.0, 10.0, 10.0, 10.0, 10.0, 10.0, 10.0, 10.0, 10.0, 10.0, 10.0, 10.0, 10.0, 10.0, 10.0, 10.0, 10.0, 10.0, 10.0, 10.0, 10.0, 10.0, 10.0, 10.0, 10.0, 10.0, 10.0]
X2 of generated numbers, compare to uniform distribution is 4.4
------------
For 50 Bins
Generated R:
[8, 6, 7, 5, 6, 7, 5, 6, 8, 6, 7, 6, 7, 6, 5, 6, 7, 6, 5, 6, 5, 6, 6, 5, 7, 5, 5, 6, 5, 6, 7, 7, 6, 8, 5, 5, 6, 4, 5, 6, 6, 6, 6, 5, 6, 6, 7, 5, 6, 7]
Expected R:
[6.0, 6.0, 6.0, 6.0, 6.0, 6.0, 6.0, 6.0, 6.0, 6.0, 6.0, 6.0, 6.0, 6.0, 6.0, 6.0, 6.0, 6.0, 6.0, 6.0, 6.0, 6.0, 6.0, 6.0, 6.0, 6.0, 6.0, 6.0, 6.0, 6.0, 6.0, 6.0, 6.0, 6.0, 6.0, 6.0, 6.0, 6.0, 6.0, 6.0, 6.0, 6.0, 6.0, 6.0, 6.0, 6.0, 6.0, 6.0, 6.0, 6.0]
X2 of generated numbers, compare to uniform distribution is 6.67
------------
Testing for AutoCorrelation:
------------
testAutoCorrelation for (m= 1,i=0):  0.3233
testAutoCorrelation for (m= 5,i=0):  -1.1867
testAutoCorrelation for (m= 10,i=0):  -0.3376
------------
Generatated Exponential Distribution:
------------
[10.31, 2.04, 26.45, 10.53, 2.55, 1.29, 9.78, 0.88, 5.93, 2.39, 0.62, 3.98, 10.09, 1.56, 13.47, 11.34, 4.53, 16.55, 0.16, 1.15, 8.33, 16.16, 38.92, 25.0, 8.98, 26.98, 11.1, 3.92, 9.57, 0.45, 2.86, 2.75, 2.24, -0.0, 0.29, 1.85, 19.27, 2.97, 3.29, 5.1, 37.32, 22.96, 6.82, 6.0, 2.65, 1.75, 16.96, 0.58, 3.69, 7.72, 10.98, 3.63, 7.3, 8.42, 17.17, 0.8, 5.24, 0.12, 0.93, 6.29, 3.75, 8.15, 14.4, 15.78, 28.76, 13.04, 9.67, 0.67, 4.28, 13.18, 10.2, 1.8, 18.05, 1.7, 15.97, 32.64, 17.38, 1.02, 7.06, 7.14, 7.55, 9.88, 1.1, 7.89, 12.22, 6.98, 6.75, 5.65, 1.42, 11.46, 4.84, 23.34, 7.22, 7.98, 12.9, 9.17, 34.72, 19.8, 3.52, 6.52, 4.65, 18.76, 2.44, 0.84, 5.58, 1.19, 8.79, 22.6, 6.44, 4.34, 13.93, 13.32, 10.75, 3.07, 3.86, 9.08, 30.14, 14.56, 16.75, 0.37, 2.34, 0.41, 2.6, 1.52, 12.76, 8.7, 20.95, 4.72, 20.08, 3.8, 8.6, 19.53, 3.24, 4.78, 21.58, 5.37, 0.54, 3.4, 5.79, 1.9, 20.65, 4.4, 14.73, 17.82, 1.47, 12.09, 6.59, 4.97, 28.13, 12.35, 7.38, 8.88, 24.56, 8.51, 18.28, 1.95, 22.25, 6.07, 2.91, 3.02, 3.57, 6.9, 6.37, 4.04, 10.64, 2.81, 2.49, 1.06, 7.47, 9.37, 0.04, 0.5, 3.13, 4.16, 11.83, 5.86, 2.14, 33.63, 18.52, 2.19, 40.81, 27.54, 11.71, 5.51, 0.97, 6.67, 5.3, 0.33, 2.09, 29.43, 13.77, 12.62, 8.24, 15.24, 21.91, 5.72, 1.66, 15.07, 20.36, 4.1, 11.22, 4.22, 12.48, 7.8, 11.58, 5.17, 50.3, 46.1, 35.94, 21.26, 5.04, 31.74, 16.35, 57.48, 0.08, 0.71, 4.59, 17.6, 1.24, 9.27, 43.12, 30.91, 15.42, 23.73, 7.63, 10.42, 2.29, 0.2, 1.38, 10.87, 3.35, 5.44, 0.75, 4.91, 25.46, 9.47, 0.24, 1.61, 14.24, 14.9, 19.01, 2.7, 1.99, 24.14, 8.06, 13.62, 11.96, 6.22, 3.46, 6.14, 3.18, 4.47, 15.6, 25.94, 9.99, 1.33, 10.31, 2.04, 26.45, 10.53, 2.55, 1.29, 9.78, 0.88, 5.93, 2.39, 0.62, 3.98, 10.09, 1.56, 13.47, 11.34, 4.53, 16.55, 0.16, 1.15, 8.33, 16.16, 38.92, 25.0, 8.98, 26.98, 11.1, 3.92, 9.57, 0.45, 2.86, 2.75, 2.24, -0.0, 0.29, 1.85, 19.27, 2.97, 3.29, 5.1, 37.32, 22.96, 6.82, 6.0]
------------
size of bin
 9
observed Bin
 [86, 77, 48, 35, 18, 17, 7, 4, 4]
expectred Bin
 [107, 63, 46, 27, 18, 13, 10, 5, 7]
X2 calcualted
 13.31
------------------------------------------------------------------------------------------------------------


*******************
	servinsp22
*******************

Generated Random Numbers:
[0.22568093, 0.15564202, 0.80544747, 0.05447471, 0.29961089, 0.52529183, 0.6536965, 0.29571984, 0.50583658, 0.55642023, 0.80933852, 0.07392996, 0.39688716, 0.01167315, 0.08560311, 0.45525292, 0.30350195, 0.54474708, 0.75097276, 0.78210117, 0.93774319, 0.71595331, 0.60700389, 0.06225681, 0.3385214, 0.71984436, 0.62645914, 0.15953307, 0.82490272, 0.15175097, 0.78599222, 0.95719844, 0.81322957, 0.09338521, 0.49416342, 0.49805447, 0.51750973, 0.61478599, 0.10116732, 0.53307393, 0.692607, 0.49027237, 0.47859922, 0.42023346, 0.12840467, 0.6692607, 0.37354086, 0.89494163, 0.50194553, 0.53696498, 0.71206226, 0.58754864, 0.96498054, 0.85214008, 0.28793774, 0.46692607, 0.3618677, 0.83657588, 0.21011673, 0.07782101, 0.41634241, 0.10894942, 0.57198444, 0.88715953, 0.46303502, 0.34241245, 0.73929961, 0.72373541, 0.6459144, 0.25680934, 0.31128405, 0.58365759, 0.94552529, 0.75486381, 0.80155642, 0.03501946, 0.20233463, 0.03891051, 0.22178988, 0.13618677, 0.70817121, 0.56809339, 0.86770428, 0.36575875, 0.85603113, 0.307393, 0.56420233, 0.84824903, 0.26848249, 0.36964981, 0.87548638, 0.40466926, 0.05058366, 0.28015564, 0.42801556, 0.16731518, 0.86381323, 0.3463035, 0.75875486, 0.82101167, 0.13229572, 0.68871595, 0.47081712, 0.38132296, 0.93385214, 0.69649805, 0.50972763, 0.57587549, 0.90661479, 0.56031128, 0.82879377, 0.17120623, 0.88326848, 0.44357977, 0.24513619, 0.25291829, 0.29182879, 0.48638132, 0.45914397, 0.3229572, 0.64202335, 0.23735409, 0.21400778, 0.09727626, 0.51361868, 0.59533074, 0.00389105, 0.04669261, 0.26070039, 0.3307393, 0.68093385, 0.43190661, 0.18677043, 0.96108949, 0.83268482, 0.19066148, 0.98054475, 0.92996109, 0.6770428, 0.41245136, 0.08949416, 0.47470817, 0.40077821, 0.0311284, 0.18287938, 0.94163424, 0.73540856, 0.70428016, 0.54863813, 0.77042802, 0.87937743, 0.42412451, 0.14785992, 0.76653696, 0.85992218, 0.32684825, 0.6614786, 0.33463035, 0.70038911, 0.52918288, 0.67315175, 0.39299611, 0.9922179, 0.98832685, 0.9688716, 0.87159533, 0.38521401, 0.95330739, 0.79377432, 0.99610895, 0.0077821, 0.06614786, 0.35797665, 0.81712062, 0.11284047, 0.59143969, 0.9844358, 0.94941634, 0.77431907, 0.89883268, 0.52140078, 0.63424125, 0.19844358, 0.01945525, 0.12451362, 0.64980545, 0.27626459, 0.40856031, 0.07003891, 0.37743191, 0.91439689, 0.59922179, 0.0233463, 0.14396887, 0.74708171, 0.76264591, 0.84046693, 0.22957198, 0.17509728, 0.90272374, 0.54085603, 0.73151751, 0.6848249, 0.45136187, 0.28404669, 0.44747082, 0.26459144, 0.35019455, 0.77821012, 0.91828794, 0.61867704, 0.12062257, 0.63035019, 0.17898833, 0.92217899, 0.6381323, 0.21789883, 0.11673152, 0.61089494, 0.08171206, 0.43579767, 0.20622568, 0.05836576, 0.31906615, 0.62256809, 0.14007782, 0.72762646, 0.66536965, 0.3540856, 0.79766537, 0.0155642, 0.10505837, 0.55252918, 0.78988327, 0.9766537, 0.91050584, 0.57976654, 0.92607004, 0.65758755, 0.3151751, 0.60311284, 0.04280156, 0.24124514, 0.23346304, 0.19455253, 0.0, 0.02723735, 0.16342412, 0.84435798, 0.24902724, 0.27237354, 0.38910506, 0.97276265, 0.89105058, 0.48249027, 0.43968872, 0.22568093, 0.15564202, 0.80544747, 0.05447471, 0.29961089, 0.52529183, 0.6536965, 0.29571984, 0.50583658, 0.55642023, 0.80933852, 0.07392996, 0.39688716, 0.01167315, 0.08560311, 0.45525292, 0.30350195, 0.54474708, 0.75097276, 0.78210117, 0.93774319, 0.71595331, 0.60700389, 0.06225681, 0.3385214, 0.71984436, 0.62645914, 0.15953307, 0.82490272, 0.15175097, 0.78599222, 0.95719844, 0.81322957, 0.09338521, 0.49416342, 0.49805447, 0.51750973, 0.61478599, 0.10116732, 0.53307393, 0.692607, 0.49027237, 0.47859922, 0.42023346]
------------
Testing for Uniformity:
------------
For 10 Bins
Generated R:
[32, 30, 27, 30, 32, 31, 31, 29, 30, 28]
Expected R:
[30.0, 30.0, 30.0, 30.0, 30.0, 30.0, 30.0, 30.0, 30.0, 30.0]
X2 of generated numbers, compare to uniform distribution is 0.8
------------
For 30 Bins
Generated R:
[10, 11, 11, 10, 11, 9, 9, 9, 9, 11, 9, 10, 9, 10, 13, 11, 12, 8, 12, 9, 10, 10, 9, 10, 13, 8, 9, 8, 11, 9]
Expected R:
[10.0, 10.0, 10.0, 10.0, 10.0, 10.0, 10.0, 10.0, 10.0, 10.0, 10.0, 10.0, 10.0, 10.0, 10.0, 10.0, 10.0, 10.0, 10.0, 10.0, 10.0, 10.0, 10.0, 10.0, 10.0, 10.0, 10.0, 10.0, 10.0, 10.0]
X2 of generated numbers, compare to uniform distribution is 5.4
------------
For 50 Bins
Generated R:
[7, 5, 6, 7, 7, 6, 5, 7, 7, 5, 5, 6, 5, 5, 6, 7, 7, 5, 5, 6, 5, 6, 6, 5, 10, 7, 7, 7, 5, 5, 7, 6, 6, 6, 6, 6, 6, 5, 5, 7, 8, 7, 5, 5, 5, 5, 5, 6, 6, 6]
Expected R:
[6.0, 6.0, 6.0, 6.0, 6.0, 6.0, 6.0, 6.0, 6.0, 6.0, 6.0, 6.0, 6.0, 6.0, 6.0, 6.0, 6.0, 6.0, 6.0, 6.0, 6.0, 6.0, 6.0, 6.0, 6.0, 6.0, 6.0, 6.0, 6.0, 6.0, 6.0, 6.0, 6.0, 6.0, 6.0, 6.0, 6.0, 6.0, 6.0, 6.0, 6.0, 6.0, 6.0, 6.0, 6.0, 6.0, 6.0, 6.0, 6.0, 6.0]
X2 of generated numbers, compare to uniform distribution is 8.67
------------
Testing for AutoCorrelation:
------------
testAutoCorrelation for (m= 1,i=0):  0.4279
testAutoCorrelation for (m= 5,i=0):  0.032
testAutoCorrelation for (m= 10,i=0):  0.2926
------------
Generatated Exponential Distribution:
------------
[3.97, 2.63, 25.43, 0.87, 5.53, 11.58, 16.48, 5.45, 10.95, 12.63, 25.75, 1.19, 7.86, 0.18, 1.39, 9.44, 5.62, 12.23, 21.6, 23.67, 43.14, 19.56, 14.51, 1.0, 6.42, 19.77, 15.3, 2.7, 27.07, 2.56, 23.95, 48.96, 26.07, 1.52, 10.59, 10.71, 11.32, 14.82, 1.66, 11.83, 18.33, 10.47, 10.12, 8.47, 2.14, 17.19, 7.27, 35.01, 10.83, 11.96, 19.34, 13.76, 52.08, 29.7, 5.28, 9.77, 6.98, 28.14, 3.66, 1.26, 8.37, 1.79, 13.18, 33.9, 9.66, 6.51, 20.89, 19.99, 16.13, 4.61, 5.79, 13.61, 45.21, 21.84, 25.13, 0.55, 3.51, 0.62, 3.9, 2.27, 19.14, 13.04, 31.43, 7.07, 30.11, 5.71, 12.9, 29.3, 4.86, 7.17, 32.37, 8.06, 0.81, 5.11, 8.68, 2.84, 30.98, 6.6, 22.09, 26.73, 2.2, 18.13, 9.89, 7.46, 42.2, 18.53, 11.07, 13.33, 36.84, 12.77, 27.42, 2.92, 33.37, 9.11, 4.37, 4.53, 5.36, 10.35, 9.55, 6.06, 15.96, 4.21, 3.74, 1.59, 11.2, 14.06, 0.06, 0.74, 4.69, 6.24, 17.75, 8.79, 3.21, 50.44, 27.78, 3.29, 61.21, 41.31, 17.56, 8.26, 1.46, 10.0, 7.96, 0.49, 3.14, 44.14, 20.66, 18.93, 12.36, 22.86, 32.86, 8.57, 2.49, 22.6, 30.54, 6.15, 16.83, 6.33, 18.73, 11.7, 17.37, 7.76, 75.45, 69.15, 53.91, 31.89, 7.56, 47.61, 24.53, 86.22, 0.12, 1.06, 6.88, 26.4, 1.86, 13.91, 64.68, 46.36, 23.13, 35.59, 11.45, 15.63, 3.44, 0.31, 2.07, 16.3, 5.02, 8.16, 1.13, 7.36, 38.19, 14.21, 0.37, 2.42, 21.36, 22.35, 28.52, 4.05, 2.99, 36.2, 12.09, 20.43, 17.94, 9.33, 5.19, 9.22, 4.77, 6.7, 23.4, 38.91, 14.98, 2.0, 15.46, 3.06, 39.67, 15.79, 3.82, 1.93, 14.67, 1.32, 8.89, 3.59, 0.93, 5.97, 15.14, 2.34, 20.21, 17.01, 6.79, 24.83, 0.24, 1.72, 12.49, 24.24, 58.38, 37.5, 13.47, 40.47, 16.65, 5.88, 14.36, 0.68, 4.29, 4.13, 3.36, -0.0, 0.43, 2.77, 28.9, 4.45, 4.94, 7.66, 55.98, 34.44, 10.23, 9.0, 3.97, 2.63, 25.43, 0.87, 5.53, 11.58, 16.48, 5.45, 10.95, 12.63, 25.75, 1.19, 7.86, 0.18, 1.39, 9.44, 5.62, 12.23, 21.6, 23.67, 43.14, 19.56, 14.51, 1.0, 6.42, 19.77, 15.3, 2.7, 27.07, 2.56, 23.95, 48.96, 26.07, 1.52, 10.59, 10.71, 11.32, 14.82, 1.66, 11.83, 18.33, 10.47, 10.12, 8.47]
------------
size of bin
 9
observed Bin
 [86, 77, 48, 35, 18, 17, 7, 4, 4]
expectred Bin
 [101, 71, 43, 29, 21, 11, 9, 6, 6]
X2 calcualted
 10.04
------------------------------------------------------------------------------------------------------------


*******************
	servinsp23
*******************

Generated Random Numbers:
[0.12840467, 0.6692607, 0.37354086, 0.89494163, 0.50194553, 0.53696498, 0.71206226, 0.58754864, 0.96498054, 0.85214008, 0.28793774, 0.46692607, 0.3618677, 0.83657588, 0.21011673, 0.07782101, 0.41634241, 0.10894942, 0.57198444, 0.88715953, 0.46303502, 0.34241245, 0.73929961, 0.72373541, 0.6459144, 0.25680934, 0.31128405, 0.58365759, 0.94552529, 0.75486381, 0.80155642, 0.03501946, 0.20233463, 0.03891051, 0.22178988, 0.13618677, 0.70817121, 0.56809339, 0.86770428, 0.36575875, 0.85603113, 0.307393, 0.56420233, 0.84824903, 0.26848249, 0.36964981, 0.87548638, 0.40466926, 0.05058366, 0.28015564, 0.42801556, 0.16731518, 0.86381323, 0.3463035, 0.75875486, 0.82101167, 0.13229572, 0.68871595, 0.47081712, 0.38132296, 0.93385214, 0.69649805, 0.50972763, 0.57587549, 0.90661479, 0.56031128, 0.82879377, 0.17120623, 0.88326848, 0.44357977, 0.24513619, 0.25291829, 0.29182879, 0.48638132, 0.45914397, 0.3229572, 0.64202335, 0.23735409, 0.21400778, 0.09727626, 0.51361868, 0.59533074, 0.00389105, 0.04669261, 0.26070039, 0.3307393, 0.68093385, 0.43190661, 0.18677043, 0.96108949, 0.83268482, 0.19066148, 0.98054475, 0.92996109, 0.6770428, 0.41245136, 0.08949416, 0.47470817, 0.40077821, 0.0311284, 0.18287938, 0.94163424, 0.73540856, 0.70428016, 0.54863813, 0.77042802, 0.87937743, 0.42412451, 0.14785992, 0.76653696, 0.85992218, 0.32684825, 0.6614786, 0.33463035, 0.70038911, 0.52918288, 0.67315175, 0.39299611, 0.9922179, 0.98832685, 0.9688716, 0.87159533, 0.38521401, 0.95330739, 0.79377432, 0.99610895, 0.0077821, 0.06614786, 0.35797665, 0.81712062, 0.11284047, 0.59143969, 0.9844358, 0.94941634, 0.77431907, 0.89883268, 0.52140078, 0.63424125, 0.19844358, 0.01945525, 0.12451362, 0.64980545, 0.27626459, 0.40856031, 0.07003891, 0.37743191, 0.91439689, 0.59922179, 0.0233463, 0.14396887, 0.74708171, 0.76264591, 0.84046693, 0.22957198, 0.17509728, 0.90272374, 0.54085603, 0.73151751, 0.6848249, 0.45136187, 0.28404669, 0.44747082, 0.26459144, 0.35019455, 0.77821012, 0.91828794, 0.61867704, 0.12062257, 0.63035019, 0.17898833, 0.92217899, 0.6381323, 0.21789883, 0.11673152, 0.61089494, 0.08171206, 0.43579767, 0.20622568, 0.05836576, 0.31906615, 0.62256809, 0.14007782, 0.72762646, 0.66536965, 0.3540856, 0.79766537, 0.0155642, 0.10505837, 0.55252918, 0.78988327, 0.9766537, 0.91050584, 0.57976654, 0.92607004, 0.65758755, 0.3151751, 0.60311284, 0.04280156, 0.24124514, 0.23346304, 0.19455253, 0.0, 0.02723735, 0.16342412, 0.84435798, 0.24902724, 0.27237354, 0.38910506, 0.97276265, 0.89105058, 0.48249027, 0.43968872, 0.22568093, 0.15564202, 0.80544747, 0.05447471, 0.29961089, 0.52529183, 0.6536965, 0.29571984, 0.50583658, 0.55642023, 0.80933852, 0.07392996, 0.39688716, 0.01167315, 0.08560311, 0.45525292, 0.30350195, 0.54474708, 0.75097276, 0.78210117, 0.93774319, 0.71595331, 0.60700389, 0.06225681, 0.3385214, 0.71984436, 0.62645914, 0.15953307, 0.82490272, 0.15175097, 0.78599222, 0.95719844, 0.81322957, 0.09338521, 0.49416342, 0.49805447, 0.51750973, 0.61478599, 0.10116732, 0.53307393, 0.692607, 0.49027237, 0.47859922, 0.42023346, 0.12840467, 0.6692607, 0.37354086, 0.89494163, 0.50194553, 0.53696498, 0.71206226, 0.58754864, 0.96498054, 0.85214008, 0.28793774, 0.46692607, 0.3618677, 0.83657588, 0.21011673, 0.07782101, 0.41634241, 0.10894942, 0.57198444, 0.88715953, 0.46303502, 0.34241245, 0.73929961, 0.72373541, 0.6459144, 0.25680934, 0.31128405, 0.58365759, 0.94552529, 0.75486381, 0.80155642, 0.03501946, 0.20233463, 0.03891051, 0.22178988, 0.13618677, 0.70817121, 0.56809339, 0.86770428, 0.36575875, 0.85603113, 0.307393, 0.56420233, 0.84824903]
------------
Testing for Uniformity:
------------
For 10 Bins
Generated R:
[29, 29, 30, 32, 29, 32, 28, 29, 34, 28]
Expected R:
[30.0, 30.0, 30.0, 30.0, 30.0, 30.0, 30.0, 30.0, 30.0, 30.0]
X2 of generated numbers, compare to uniform distribution is 1.2
------------
For 30 Bins
Generated R:
[9, 11, 9, 11, 9, 9, 11, 10, 9, 11, 10, 11, 9, 10, 10, 9, 11, 12, 9, 9, 10, 11, 10, 8, 10, 12, 12, 8, 10, 10]
Expected R:
[10.0, 10.0, 10.0, 10.0, 10.0, 10.0, 10.0, 10.0, 10.0, 10.0, 10.0, 10.0, 10.0, 10.0, 10.0, 10.0, 10.0, 10.0, 10.0, 10.0, 10.0, 10.0, 10.0, 10.0, 10.0, 10.0, 10.0, 10.0, 10.0, 10.0]
X2 of generated numbers, compare to uniform distribution is 3.6
------------
For 50 Bins
Generated R:
[6, 7, 5, 6, 5, 6, 7, 5, 6, 5, 7, 6, 6, 5, 6, 7, 6, 6, 8, 5, 6, 5, 5, 7, 6, 6, 6, 5, 8, 7, 5, 5, 6, 7, 5, 7, 6, 6, 5, 5, 6, 7, 8, 6, 7, 5, 5, 6, 6, 6]
Expected R:
[6.0, 6.0, 6.0, 6.0, 6.0, 6.0, 6.0, 6.0, 6.0, 6.0, 6.0, 6.0, 6.0, 6.0, 6.0, 6.0, 6.0, 6.0, 6.0, 6.0, 6.0, 6.0, 6.0, 6.0, 6.0, 6.0, 6.0, 6.0, 6.0, 6.0, 6.0, 6.0, 6.0, 6.0, 6.0, 6.0, 6.0, 6.0, 6.0, 6.0, 6.0, 6.0, 6.0, 6.0, 6.0, 6.0, 6.0, 6.0, 6.0, 6.0]
X2 of generated numbers, compare to uniform distribution is 6.33
------------
Testing for AutoCorrelation:
------------
testAutoCorrelation for (m= 1,i=0):  0.8083
testAutoCorrelation for (m= 5,i=0):  -0.3567
testAutoCorrelation for (m= 10,i=0):  0.2067
------------
Generatated Exponential Distribution:
------------
[2.84, 22.83, 9.65, 46.49, 14.38, 15.89, 25.69, 18.27, 69.16, 39.44, 7.01, 12.98, 9.27, 37.37, 4.87, 1.67, 11.11, 2.38, 17.51, 45.02, 12.83, 8.65, 27.74, 26.54, 21.42, 6.12, 7.69, 18.08, 60.04, 29.01, 33.37, 0.74, 4.66, 0.82, 5.17, 3.02, 25.41, 17.32, 41.73, 9.39, 39.99, 7.58, 17.14, 38.9, 6.45, 9.52, 42.99, 10.7, 1.07, 6.78, 11.53, 3.78, 41.14, 8.77, 29.34, 35.5, 2.93, 24.08, 13.13, 9.91, 56.04, 24.6, 14.71, 17.7, 48.92, 16.95, 36.41, 3.87, 44.32, 12.1, 5.8, 6.02, 7.12, 13.75, 12.68, 8.05, 21.2, 5.59, 4.97, 2.11, 14.87, 18.67, 0.08, 0.99, 6.23, 8.29, 23.57, 11.67, 4.27, 66.98, 36.89, 4.36, 81.29, 54.86, 23.32, 10.97, 1.93, 13.28, 10.57, 0.65, 4.17, 58.62, 27.43, 25.14, 16.41, 30.36, 43.64, 11.39, 3.3, 30.02, 40.55, 8.17, 22.35, 8.41, 24.87, 15.54, 23.07, 10.3, 100.19, 91.83, 71.59, 42.35, 10.04, 63.22, 32.57, 114.49, 0.16, 1.41, 9.14, 35.05, 2.47, 18.47, 85.89, 61.57, 30.71, 47.27, 15.2, 20.75, 4.56, 0.41, 2.74, 21.65, 6.67, 10.84, 1.5, 9.78, 50.72, 18.87, 0.49, 3.21, 28.36, 29.67, 37.87, 5.38, 3.97, 48.08, 16.06, 27.13, 23.82, 12.39, 6.89, 12.24, 6.34, 8.89, 31.07, 51.68, 19.89, 2.65, 20.53, 4.07, 52.68, 20.97, 5.07, 2.56, 19.48, 1.76, 11.81, 4.77, 1.24, 7.93, 20.1, 3.11, 26.83, 22.59, 9.02, 32.97, 0.32, 2.29, 16.59, 32.19, 77.52, 49.8, 17.89, 53.74, 22.11, 7.81, 19.07, 0.9, 5.7, 5.49, 4.46, -0.0, 0.57, 3.68, 38.38, 5.91, 6.56, 10.17, 74.34, 45.74, 13.59, 11.95, 5.28, 3.49, 33.78, 1.16, 7.35, 15.37, 21.88, 7.23, 14.54, 16.77, 34.19, 1.58, 10.43, 0.24, 1.85, 12.53, 7.46, 16.24, 28.68, 31.44, 57.29, 25.97, 19.27, 1.33, 8.53, 26.25, 20.32, 3.59, 35.95, 3.4, 31.81, 65.02, 34.62, 2.02, 14.06, 14.22, 15.04, 19.68, 2.2, 15.71, 24.34, 13.9, 13.44, 11.25, 2.84, 22.83, 9.65, 46.49, 14.38, 15.89, 25.69, 18.27, 69.16, 39.44, 7.01, 12.98, 9.27, 37.37, 4.87, 1.67, 11.11, 2.38, 17.51, 45.02, 12.83, 8.65, 27.74, 26.54, 21.42, 6.12, 7.69, 18.08, 60.04, 29.01, 33.37, 0.74, 4.66, 0.82, 5.17, 3.02, 25.41, 17.32, 41.73, 9.39, 39.99, 7.58, 17.14, 38.9]
------------
size of bin
 15
observed Bin
 [75, 55, 48, 37, 23, 19, 9, 11, 5, 4, 3, 3, 2, 2, 4]
expectred Bin
 [79, 58, 46, 30, 22, 17, 15, 10, 5, 6, 4, 2, 2, 1, 2]
X2 calcualted
 9.28
------------------------------------------------------------------------------------------------------------


*******************
	ws1
*******************

Generated Random Numbers:
[0.26848249, 0.36964981, 0.87548638, 0.40466926, 0.05058366, 0.28015564, 0.42801556, 0.16731518, 0.86381323, 0.3463035, 0.75875486, 0.82101167, 0.13229572, 0.68871595, 0.47081712, 0.38132296, 0.93385214, 0.69649805, 0.50972763, 0.57587549, 0.90661479, 0.56031128, 0.82879377, 0.17120623, 0.88326848, 0.44357977, 0.24513619, 0.25291829, 0.29182879, 0.48638132, 0.45914397, 0.3229572, 0.64202335, 0.23735409, 0.21400778, 0.09727626, 0.51361868, 0.59533074, 0.00389105, 0.04669261, 0.26070039, 0.3307393, 0.68093385, 0.43190661, 0.18677043, 0.96108949, 0.83268482, 0.19066148, 0.98054475, 0.92996109, 0.6770428, 0.41245136, 0.08949416, 0.47470817, 0.40077821, 0.0311284, 0.18287938, 0.94163424, 0.73540856, 0.70428016, 0.54863813, 0.77042802, 0.87937743, 0.42412451, 0.14785992, 0.76653696, 0.85992218, 0.32684825, 0.6614786, 0.33463035, 0.70038911, 0.52918288, 0.67315175, 0.39299611, 0.9922179, 0.98832685, 0.9688716, 0.87159533, 0.38521401, 0.95330739, 0.79377432, 0.99610895, 0.0077821, 0.06614786, 0.35797665, 0.81712062, 0.11284047, 0.59143969, 0.9844358, 0.94941634, 0.77431907, 0.89883268, 0.52140078, 0.63424125, 0.19844358, 0.01945525, 0.12451362, 0.64980545, 0.27626459, 0.40856031, 0.07003891, 0.37743191, 0.91439689, 0.59922179, 0.0233463, 0.14396887, 0.74708171, 0.76264591, 0.84046693, 0.22957198, 0.17509728, 0.90272374, 0.54085603, 0.73151751, 0.6848249, 0.45136187, 0.28404669, 0.44747082, 0.26459144, 0.35019455, 0.77821012, 0.91828794, 0.61867704, 0.12062257, 0.63035019, 0.17898833, 0.92217899, 0.6381323, 0.21789883, 0.11673152, 0.61089494, 0.08171206, 0.43579767, 0.20622568, 0.05836576, 0.31906615, 0.62256809, 0.14007782, 0.72762646, 0.66536965, 0.3540856, 0.79766537, 0.0155642, 0.10505837, 0.55252918, 0.78988327, 0.9766537, 0.91050584, 0.57976654, 0.92607004, 0.65758755, 0.3151751, 0.60311284, 0.04280156, 0.24124514, 0.23346304, 0.19455253, 0.0, 0.02723735, 0.16342412, 0.84435798, 0.24902724, 0.27237354, 0.38910506, 0.97276265, 0.89105058, 0.48249027, 0.43968872, 0.22568093, 0.15564202, 0.80544747, 0.05447471, 0.29961089, 0.52529183, 0.6536965, 0.29571984, 0.50583658, 0.55642023, 0.80933852, 0.07392996, 0.39688716, 0.01167315, 0.08560311, 0.45525292, 0.30350195, 0.54474708, 0.75097276, 0.78210117, 0.93774319, 0.71595331, 0.60700389, 0.06225681, 0.3385214, 0.71984436, 0.62645914, 0.15953307, 0.82490272, 0.15175097, 0.78599222, 0.95719844, 0.81322957, 0.09338521, 0.49416342, 0.49805447, 0.51750973, 0.61478599, 0.10116732, 0.53307393, 0.692607, 0.49027237, 0.47859922, 0.42023346, 0.12840467, 0.6692607, 0.37354086, 0.89494163, 0.50194553, 0.53696498, 0.71206226, 0.58754864, 0.96498054, 0.85214008, 0.28793774, 0.46692607, 0.3618677, 0.83657588, 0.21011673, 0.07782101, 0.41634241, 0.10894942, 0.57198444, 0.88715953, 0.46303502, 0.34241245, 0.73929961, 0.72373541, 0.6459144, 0.25680934, 0.31128405, 0.58365759, 0.94552529, 0.75486381, 0.80155642, 0.03501946, 0.20233463, 0.03891051, 0.22178988, 0.13618677, 0.70817121, 0.56809339, 0.86770428, 0.36575875, 0.85603113, 0.307393, 0.56420233, 0.84824903, 0.26848249, 0.36964981, 0.87548638, 0.40466926, 0.05058366, 0.28015564, 0.42801556, 0.16731518, 0.86381323, 0.3463035, 0.75875486, 0.82101167, 0.13229572, 0.68871595, 0.47081712, 0.38132296, 0.93385214, 0.69649805, 0.50972763, 0.57587549, 0.90661479, 0.56031128, 0.82879377, 0.17120623, 0.88326848, 0.44357977, 0.24513619, 0.25291829, 0.29182879, 0.48638132, 0.45914397, 0.3229572, 0.64202335, 0.23735409, 0.21400778, 0.09727626, 0.51361868, 0.59533074, 0.00389105, 0.04669261, 0.26070039, 0.3307393, 0.68093385, 0.43190661]
------------
Testing for Uniformity:
------------
For 10 Bins
Generated R:
[30, 29, 33, 31, 33, 30, 30, 25, 31, 28]
Expected R:
[30.0, 30.0, 30.0, 30.0, 30.0, 30.0, 30.0, 30.0, 30.0, 30.0]
X2 of generated numbers, compare to uniform distribution is 1.67
------------
For 30 Bins
Generated R:
[10, 11, 9, 10, 8, 11, 9, 13, 11, 11, 9, 11, 10, 12, 11, 10, 10, 10, 9, 9, 12, 8, 9, 8, 11, 8, 12, 9, 10, 9]
Expected R:
[10.0, 10.0, 10.0, 10.0, 10.0, 10.0, 10.0, 10.0, 10.0, 10.0, 10.0, 10.0, 10.0, 10.0, 10.0, 10.0, 10.0, 10.0, 10.0, 10.0, 10.0, 10.0, 10.0, 10.0, 10.0, 10.0, 10.0, 10.0, 10.0, 10.0]
X2 of generated numbers, compare to uniform distribution is 5.2
------------
For 50 Bins
Generated R:
[7, 5, 7, 5, 6, 5, 6, 5, 8, 5, 6, 6, 7, 7, 7, 5, 8, 6, 6, 6, 6, 7, 6, 7, 7, 7, 5, 5, 7, 6, 5, 5, 6, 6, 8, 5, 5, 4, 6, 5, 5, 8, 5, 7, 6, 6, 6, 5, 5, 6]
Expected R:
[6.0, 6.0, 6.0, 6.0, 6.0, 6.0, 6.0, 6.0, 6.0, 6.0, 6.0, 6.0, 6.0, 6.0, 6.0, 6.0, 6.0, 6.0, 6.0, 6.0, 6.0, 6.0, 6.0, 6.0, 6.0, 6.0, 6.0, 6.0, 6.0, 6.0, 6.0, 6.0, 6.0, 6.0, 6.0, 6.0, 6.0, 6.0, 6.0, 6.0, 6.0, 6.0, 6.0, 6.0, 6.0, 6.0, 6.0, 6.0, 6.0, 6.0]
X2 of generated numbers, compare to uniform distribution is 8.0
------------
Testing for AutoCorrelation:
------------
testAutoCorrelation for (m= 1,i=0):  0.2359
testAutoCorrelation for (m= 5,i=0):  1.2356
testAutoCorrelation for (m= 10,i=0):  1.7661
------------
Generatated Exponential Distribution:
------------
[1.44, 2.12, 9.59, 2.39, 0.24, 1.51, 2.57, 0.84, 9.18, 1.96, 6.55, 7.92, 0.65, 5.37, 2.93, 2.21, 12.5, 5.49, 3.28, 3.95, 10.92, 3.78, 8.13, 0.86, 9.89, 2.7, 1.29, 1.34, 1.59, 3.07, 2.83, 1.8, 4.73, 1.25, 1.11, 0.47, 3.32, 4.17, 0.02, 0.22, 1.39, 1.85, 5.26, 2.6, 0.95, 14.95, 8.23, 0.97, 18.14, 12.24, 5.2, 2.45, 0.43, 2.96, 2.36, 0.15, 0.93, 13.08, 6.12, 5.61, 3.66, 6.78, 9.74, 2.54, 0.74, 6.7, 9.05, 1.82, 4.99, 1.88, 5.55, 3.47, 5.15, 2.3, 22.36, 20.49, 15.98, 9.45, 2.24, 14.11, 7.27, 25.55, 0.04, 0.32, 2.04, 7.82, 0.55, 4.12, 19.17, 13.74, 6.85, 10.55, 3.39, 4.63, 1.02, 0.09, 0.61, 4.83, 1.49, 2.42, 0.33, 2.18, 11.32, 4.21, 0.11, 0.72, 6.33, 6.62, 8.45, 1.2, 0.89, 10.73, 3.58, 6.05, 5.32, 2.76, 1.54, 2.73, 1.42, 1.98, 6.93, 11.53, 4.44, 0.59, 4.58, 0.91, 11.76, 4.68, 1.13, 0.57, 4.35, 0.39, 2.64, 1.06, 0.28, 1.77, 4.49, 0.69, 5.99, 5.04, 2.01, 7.36, 0.07, 0.51, 3.7, 7.18, 17.3, 11.11, 3.99, 11.99, 4.93, 1.74, 4.25, 0.2, 1.27, 1.22, 1.0, -0.0, 0.13, 0.82, 8.57, 1.32, 1.46, 2.27, 16.59, 10.21, 3.03, 2.67, 1.18, 0.78, 7.54, 0.26, 1.64, 3.43, 4.88, 1.61, 3.25, 3.74, 7.63, 0.35, 2.33, 0.05, 0.41, 2.8, 1.67, 3.62, 6.4, 7.02, 12.78, 5.8, 4.3, 0.3, 1.9, 5.86, 4.53, 0.8, 8.02, 0.76, 7.1, 14.51, 7.73, 0.45, 3.14, 3.17, 3.36, 4.39, 0.49, 3.51, 5.43, 3.1, 3.0, 2.51, 0.63, 5.09, 2.15, 10.37, 3.21, 3.55, 5.73, 4.08, 15.43, 8.8, 1.56, 2.9, 2.07, 8.34, 1.09, 0.37, 2.48, 0.53, 3.91, 10.05, 2.86, 1.93, 6.19, 5.92, 4.78, 1.37, 1.72, 4.03, 13.4, 6.47, 7.45, 0.16, 1.04, 0.18, 1.15, 0.67, 5.67, 3.87, 9.31, 2.1, 8.92, 1.69, 3.82, 8.68, 1.44, 2.12, 9.59, 2.39, 0.24, 1.51, 2.57, 0.84, 9.18, 1.96, 6.55, 7.92, 0.65, 5.37, 2.93, 2.21, 12.5, 5.49, 3.28, 3.95, 10.92, 3.78, 8.13, 0.86, 9.89, 2.7, 1.29, 1.34, 1.59, 3.07, 2.83, 1.8, 4.73, 1.25, 1.11, 0.47, 3.32, 4.17, 0.02, 0.22, 1.39, 1.85, 5.26, 2.6]
------------
size of bin
 12
observed Bin
 [90, 71, 42, 21, 23, 16, 13, 4, 5, 5, 4, 5]
expectred Bin
 [92, 66, 44, 28, 22, 15, 11, 7, 5, 3, 2, 3]
X2 calcualted
 8.69
------------------------------------------------------------------------------------------------------------


*******************
	ws2
*******************

Generated Random Numbers:
[0.18677043, 0.96108949, 0.83268482, 0.19066148, 0.98054475, 0.92996109, 0.6770428, 0.41245136, 0.08949416, 0.47470817, 0.40077821, 0.0311284, 0.18287938, 0.94163424, 0.73540856, 0.70428016, 0.54863813, 0.77042802, 0.87937743, 0.42412451, 0.14785992, 0.76653696, 0.85992218, 0.32684825, 0.6614786, 0.33463035, 0.70038911, 0.52918288, 0.67315175, 0.39299611, 0.9922179, 0.98832685, 0.9688716, 0.87159533, 0.38521401, 0.95330739, 0.79377432, 0.99610895, 0.0077821, 0.06614786, 0.35797665, 0.81712062, 0.11284047, 0.59143969, 0.9844358, 0.94941634, 0.77431907, 0.89883268, 0.52140078, 0.63424125, 0.19844358, 0.01945525, 0.12451362, 0.64980545, 0.27626459, 0.40856031, 0.07003891, 0.37743191, 0.91439689, 0.59922179, 0.0233463, 0.14396887, 0.74708171, 0.76264591, 0.84046693, 0.22957198, 0.17509728, 0.90272374, 0.54085603, 0.73151751, 0.6848249, 0.45136187, 0.28404669, 0.44747082, 0.26459144, 0.35019455, 0.77821012, 0.91828794, 0.61867704, 0.12062257, 0.63035019, 0.17898833, 0.92217899, 0.6381323, 0.21789883, 0.11673152, 0.61089494, 0.08171206, 0.43579767, 0.20622568, 0.05836576, 0.31906615, 0.62256809, 0.14007782, 0.72762646, 0.66536965, 0.3540856, 0.79766537, 0.0155642, 0.10505837, 0.55252918, 0.78988327, 0.9766537, 0.91050584, 0.57976654, 0.92607004, 0.65758755, 0.3151751, 0.60311284, 0.04280156, 0.24124514, 0.23346304, 0.19455253, 0.0, 0.02723735, 0.16342412, 0.84435798, 0.24902724, 0.27237354, 0.38910506, 0.97276265, 0.89105058, 0.48249027, 0.43968872, 0.22568093, 0.15564202, 0.80544747, 0.05447471, 0.29961089, 0.52529183, 0.6536965, 0.29571984, 0.50583658, 0.55642023, 0.80933852, 0.07392996, 0.39688716, 0.01167315, 0.08560311, 0.45525292, 0.30350195, 0.54474708, 0.75097276, 0.78210117, 0.93774319, 0.71595331, 0.60700389, 0.06225681, 0.3385214, 0.71984436, 0.62645914, 0.15953307, 0.82490272, 0.15175097, 0.78599222, 0.95719844, 0.81322957, 0.09338521, 0.49416342, 0.49805447, 0.51750973, 0.61478599, 0.10116732, 0.53307393, 0.692607, 0.49027237, 0.47859922, 0.42023346, 0.12840467, 0.6692607, 0.37354086, 0.89494163, 0.50194553, 0.53696498, 0.71206226, 0.58754864, 0.96498054, 0.85214008, 0.28793774, 0.46692607, 0.3618677, 0.83657588, 0.21011673, 0.07782101, 0.41634241, 0.10894942, 0.57198444, 0.88715953, 0.46303502, 0.34241245, 0.73929961, 0.72373541, 0.6459144, 0.25680934, 0.31128405, 0.58365759, 0.94552529, 0.75486381, 0.80155642, 0.03501946, 0.20233463, 0.03891051, 0.22178988, 0.13618677, 0.70817121, 0.56809339, 0.86770428, 0.36575875, 0.85603113, 0.307393, 0.56420233, 0.84824903, 0.26848249, 0.36964981, 0.87548638, 0.40466926, 0.05058366, 0.28015564, 0.42801556, 0.16731518, 0.86381323, 0.3463035, 0.75875486, 0.82101167, 0.13229572, 0.68871595, 0.47081712, 0.38132296, 0.93385214, 0.69649805, 0.50972763, 0.57587549, 0.90661479, 0.56031128, 0.82879377, 0.17120623, 0.88326848, 0.44357977, 0.24513619, 0.25291829, 0.29182879, 0.48638132, 0.45914397, 0.3229572, 0.64202335, 0.23735409, 0.21400778, 0.09727626, 0.51361868, 0.59533074, 0.00389105, 0.04669261, 0.26070039, 0.3307393, 0.68093385, 0.43190661, 0.18677043, 0.96108949, 0.83268482, 0.19066148, 0.98054475, 0.92996109, 0.6770428, 0.41245136, 0.08949416, 0.47470817, 0.40077821, 0.0311284, 0.18287938, 0.94163424, 0.73540856, 0.70428016, 0.54863813, 0.77042802, 0.87937743, 0.42412451, 0.14785992, 0.76653696, 0.85992218, 0.32684825, 0.6614786, 0.33463035, 0.70038911, 0.52918288, 0.67315175, 0.39299611, 0.9922179, 0.98832685, 0.9688716, 0.87159533, 0.38521401, 0.95330739, 0.79377432, 0.99610895, 0.0077821, 0.06614786, 0.35797665, 0.81712062, 0.11284047, 0.59143969]
------------
Testing for Uniformity:
------------
For 10 Bins
Generated R:
[30, 31, 25, 31, 30, 28, 29, 30, 31, 35]
Expected R:
[30.0, 30.0, 30.0, 30.0, 30.0, 30.0, 30.0, 30.0, 30.0, 30.0]
X2 of generated numbers, compare to uniform distribution is 1.93
------------
For 30 Bins
Generated R:
[11, 10, 9, 10, 9, 12, 8, 9, 8, 10, 10, 11, 11, 9, 10, 9, 10, 9, 9, 9, 11, 10, 9, 11, 10, 10, 11, 8, 13, 14]
Expected R:
[10.0, 10.0, 10.0, 10.0, 10.0, 10.0, 10.0, 10.0, 10.0, 10.0, 10.0, 10.0, 10.0, 10.0, 10.0, 10.0, 10.0, 10.0, 10.0, 10.0, 10.0, 10.0, 10.0, 10.0, 10.0, 10.0, 10.0, 10.0, 10.0, 10.0]
X2 of generated numbers, compare to uniform distribution is 5.6
------------
For 50 Bins
Generated R:
[7, 6, 5, 6, 6, 6, 5, 6, 6, 8, 5, 5, 5, 5, 5, 5, 8, 6, 5, 7, 7, 6, 5, 6, 6, 5, 6, 6, 5, 6, 5, 5, 5, 9, 5, 7, 6, 4, 7, 6, 5, 8, 5, 7, 6, 5, 6, 7, 7, 10]
Expected R:
[6.0, 6.0, 6.0, 6.0, 6.0, 6.0, 6.0, 6.0, 6.0, 6.0, 6.0, 6.0, 6.0, 6.0, 6.0, 6.0, 6.0, 6.0, 6.0, 6.0, 6.0, 6.0, 6.0, 6.0, 6.0, 6.0, 6.0, 6.0, 6.0, 6.0, 6.0, 6.0, 6.0, 6.0, 6.0, 6.0, 6.0, 6.0, 6.0, 6.0, 6.0, 6.0, 6.0, 6.0, 6.0, 6.0, 6.0, 6.0, 6.0, 6.0]
X2 of generated numbers, compare to uniform distribution is 11.33
------------
Testing for AutoCorrelation:
------------
testAutoCorrelation for (m= 1,i=0):  1.4525
testAutoCorrelation for (m= 5,i=0):  -0.7234
testAutoCorrelation for (m= 10,i=0):  -0.7052
------------
Generatated Exponential Distribution:
------------
[2.29, 36.01, 19.83, 2.35, 43.7, 29.49, 12.54, 5.9, 1.04, 7.14, 5.68, 0.35, 2.24, 31.51, 14.75, 13.51, 8.82, 16.32, 23.46, 6.12, 1.77, 16.14, 21.8, 4.39, 12.02, 4.52, 13.37, 8.36, 12.4, 5.54, 53.86, 49.37, 38.49, 22.77, 5.4, 33.99, 17.51, 61.55, 0.09, 0.76, 4.92, 18.85, 1.33, 9.93, 46.18, 33.1, 16.51, 25.41, 8.17, 11.16, 2.45, 0.22, 1.48, 11.64, 3.59, 5.83, 0.81, 5.26, 27.27, 10.14, 0.26, 1.72, 15.25, 15.95, 20.36, 2.89, 2.14, 25.85, 8.63, 14.59, 12.81, 6.66, 3.71, 6.58, 3.41, 4.78, 16.71, 27.78, 10.69, 1.43, 11.04, 2.19, 28.32, 11.28, 2.73, 1.38, 10.47, 0.95, 6.35, 2.56, 0.67, 4.26, 10.81, 1.67, 14.43, 12.14, 4.85, 17.72, 0.17, 1.23, 8.92, 17.31, 41.68, 26.77, 9.62, 28.89, 11.89, 4.2, 10.25, 0.49, 3.06, 2.95, 2.4, -0.0, 0.31, 1.98, 20.63, 3.18, 3.53, 5.47, 39.97, 24.59, 7.31, 6.43, 2.84, 1.88, 18.16, 0.62, 3.95, 8.26, 11.76, 3.89, 7.82, 9.02, 18.38, 0.85, 5.61, 0.13, 0.99, 6.74, 4.01, 8.73, 15.42, 16.9, 30.8, 13.96, 10.36, 0.71, 4.58, 14.11, 10.92, 1.93, 19.33, 1.83, 17.1, 34.95, 18.61, 1.09, 7.56, 7.65, 8.08, 10.58, 1.18, 8.45, 13.09, 7.48, 7.22, 6.05, 1.52, 12.27, 5.19, 24.99, 7.73, 8.54, 13.81, 9.82, 37.18, 21.2, 3.77, 6.98, 4.98, 20.09, 2.62, 0.9, 5.97, 1.28, 9.41, 24.2, 6.9, 4.65, 14.91, 14.27, 11.52, 3.29, 4.14, 9.72, 32.28, 15.6, 17.94, 0.4, 2.51, 0.44, 2.78, 1.62, 13.66, 9.31, 22.44, 5.05, 21.5, 4.07, 9.21, 20.92, 3.47, 5.12, 23.11, 5.75, 0.58, 3.65, 6.2, 2.03, 22.12, 4.72, 15.77, 19.08, 1.57, 12.95, 7.06, 5.33, 30.13, 13.23, 7.91, 9.51, 26.3, 9.11, 19.58, 2.08, 23.83, 6.5, 3.12, 3.23, 3.83, 7.39, 6.82, 4.33, 11.4, 3.01, 2.67, 1.14, 8.0, 10.04, 0.04, 0.53, 3.35, 4.45, 12.67, 6.27, 2.29, 36.01, 19.83, 2.35, 43.7, 29.49, 12.54, 5.9, 1.04, 7.14, 5.68, 0.35, 2.24, 31.51, 14.75, 13.51, 8.82, 16.32, 23.46, 6.12, 1.77, 16.14, 21.8, 4.39, 12.02, 4.52, 13.37, 8.36, 12.4, 5.54, 53.86, 49.37, 38.49, 22.77, 5.4, 33.99, 17.51, 61.55, 0.09, 0.76, 4.92, 18.85, 1.33, 9.93]
------------
size of bin
 17
observed Bin
 [84, 61, 45, 31, 22, 8, 7, 10, 6, 5, 3, 7, 3, 1, 4, 2, 1]
expectred Bin
 [78, 58, 41, 32, 21, 18, 14, 8, 6, 7, 4, 3, 3, 1, 2, 2, 2]
X2 calcualted
 19.3
------------------------------------------------------------------------------------------------------------


*******************
	ws3
*******************

Generated Random Numbers:
[0.9844358, 0.94941634, 0.77431907, 0.89883268, 0.52140078, 0.63424125, 0.19844358, 0.01945525, 0.12451362, 0.64980545, 0.27626459, 0.40856031, 0.07003891, 0.37743191, 0.91439689, 0.59922179, 0.0233463, 0.14396887, 0.74708171, 0.76264591, 0.84046693, 0.22957198, 0.17509728, 0.90272374, 0.54085603, 0.73151751, 0.6848249, 0.45136187, 0.28404669, 0.44747082, 0.26459144, 0.35019455, 0.77821012, 0.91828794, 0.61867704, 0.12062257, 0.63035019, 0.17898833, 0.92217899, 0.6381323, 0.21789883, 0.11673152, 0.61089494, 0.08171206, 0.43579767, 0.20622568, 0.05836576, 0.31906615, 0.62256809, 0.14007782, 0.72762646, 0.66536965, 0.3540856, 0.79766537, 0.0155642, 0.10505837, 0.55252918, 0.78988327, 0.9766537, 0.91050584, 0.57976654, 0.92607004, 0.65758755, 0.3151751, 0.60311284, 0.04280156, 0.24124514, 0.23346304, 0.19455253, 0.0, 0.02723735, 0.16342412, 0.84435798, 0.24902724, 0.27237354, 0.38910506, 0.97276265, 0.89105058, 0.48249027, 0.43968872, 0.22568093, 0.15564202, 0.80544747, 0.05447471, 0.29961089, 0.52529183, 0.6536965, 0.29571984, 0.50583658, 0.55642023, 0.80933852, 0.07392996, 0.39688716, 0.01167315, 0.08560311, 0.45525292, 0.30350195, 0.54474708, 0.75097276, 0.78210117, 0.93774319, 0.71595331, 0.60700389, 0.06225681, 0.3385214, 0.71984436, 0.62645914, 0.15953307, 0.82490272, 0.15175097, 0.78599222, 0.95719844, 0.81322957, 0.09338521, 0.49416342, 0.49805447, 0.51750973, 0.61478599, 0.10116732, 0.53307393, 0.692607, 0.49027237, 0.47859922, 0.42023346, 0.12840467, 0.6692607, 0.37354086, 0.89494163, 0.50194553, 0.53696498, 0.71206226, 0.58754864, 0.96498054, 0.85214008, 0.28793774, 0.46692607, 0.3618677, 0.83657588, 0.21011673, 0.07782101, 0.41634241, 0.10894942, 0.57198444, 0.88715953, 0.46303502, 0.34241245, 0.73929961, 0.72373541, 0.6459144, 0.25680934, 0.31128405, 0.58365759, 0.94552529, 0.75486381, 0.80155642, 0.03501946, 0.20233463, 0.03891051, 0.22178988, 0.13618677, 0.70817121, 0.56809339, 0.86770428, 0.36575875, 0.85603113, 0.307393, 0.56420233, 0.84824903, 0.26848249, 0.36964981, 0.87548638, 0.40466926, 0.05058366, 0.28015564, 0.42801556, 0.16731518, 0.86381323, 0.3463035, 0.75875486, 0.82101167, 0.13229572, 0.68871595, 0.47081712, 0.38132296, 0.93385214, 0.69649805, 0.50972763, 0.57587549, 0.90661479, 0.56031128, 0.82879377, 0.17120623, 0.88326848, 0.44357977, 0.24513619, 0.25291829, 0.29182879, 0.48638132, 0.45914397, 0.3229572, 0.64202335, 0.23735409, 0.21400778, 0.09727626, 0.51361868, 0.59533074, 0.00389105, 0.04669261, 0.26070039, 0.3307393, 0.68093385, 0.43190661, 0.18677043, 0.96108949, 0.83268482, 0.19066148, 0.98054475, 0.92996109, 0.6770428, 0.41245136, 0.08949416, 0.47470817, 0.40077821, 0.0311284, 0.18287938, 0.94163424, 0.73540856, 0.70428016, 0.54863813, 0.77042802, 0.87937743, 0.42412451, 0.14785992, 0.76653696, 0.85992218, 0.32684825, 0.6614786, 0.33463035, 0.70038911, 0.52918288, 0.67315175, 0.39299611, 0.9922179, 0.98832685, 0.9688716, 0.87159533, 0.38521401, 0.95330739, 0.79377432, 0.99610895, 0.0077821, 0.06614786, 0.35797665, 0.81712062, 0.11284047, 0.59143969, 0.9844358, 0.94941634, 0.77431907, 0.89883268, 0.52140078, 0.63424125, 0.19844358, 0.01945525, 0.12451362, 0.64980545, 0.27626459, 0.40856031, 0.07003891, 0.37743191, 0.91439689, 0.59922179, 0.0233463, 0.14396887, 0.74708171, 0.76264591, 0.84046693, 0.22957198, 0.17509728, 0.90272374, 0.54085603, 0.73151751, 0.6848249, 0.45136187, 0.28404669, 0.44747082, 0.26459144, 0.35019455, 0.77821012, 0.91828794, 0.61867704, 0.12062257, 0.63035019, 0.17898833, 0.92217899, 0.6381323, 0.21789883, 0.11673152, 0.61089494, 0.08171206]
------------
Testing for Uniformity:
------------
For 10 Bins
Generated R:
[30, 33, 30, 28, 29, 27, 34, 29, 27, 33]
Expected R:
[30.0, 30.0, 30.0, 30.0, 30.0, 30.0, 30.0, 30.0, 30.0, 30.0]
X2 of generated numbers, compare to uniform distribution is 1.93
------------
For 30 Bins
Generated R:
[11, 9, 10, 12, 9, 12, 10, 10, 10, 9, 9, 10, 9, 11, 9, 9, 10, 8, 13, 11, 10, 8, 11, 10, 9, 9, 9, 13, 10, 10]
Expected R:
[10.0, 10.0, 10.0, 10.0, 10.0, 10.0, 10.0, 10.0, 10.0, 10.0, 10.0, 10.0, 10.0, 10.0, 10.0, 10.0, 10.0, 10.0, 10.0, 10.0, 10.0, 10.0, 10.0, 10.0, 10.0, 10.0, 10.0, 10.0, 10.0, 10.0]
X2 of generated numbers, compare to uniform distribution is 4.8
------------
For 50 Bins
Generated R:
[7, 6, 5, 6, 6, 6, 7, 6, 8, 6, 6, 6, 5, 7, 6, 5, 6, 6, 6, 5, 6, 5, 7, 5, 6, 5, 6, 6, 5, 5, 7, 8, 7, 6, 6, 5, 6, 5, 7, 6, 5, 6, 6, 5, 5, 8, 7, 6, 5, 7]
Expected R:
[6.0, 6.0, 6.0, 6.0, 6.0, 6.0, 6.0, 6.0, 6.0, 6.0, 6.0, 6.0, 6.0, 6.0, 6.0, 6.0, 6.0, 6.0, 6.0, 6.0, 6.0, 6.0, 6.0, 6.0, 6.0, 6.0, 6.0, 6.0, 6.0, 6.0, 6.0, 6.0, 6.0, 6.0, 6.0, 6.0, 6.0, 6.0, 6.0, 6.0, 6.0, 6.0, 6.0, 6.0, 6.0, 6.0, 6.0, 6.0, 6.0, 6.0]
X2 of generated numbers, compare to uniform distribution is 6.0
------------
Testing for AutoCorrelation:
------------
testAutoCorrelation for (m= 1,i=0):  0.6836
testAutoCorrelation for (m= 5,i=0):  0.3339
testAutoCorrelation for (m= 10,i=0):  0.6802
------------
Generatated Exponential Distribution:
------------
[36.61, 26.25, 13.09, 20.15, 6.48, 8.85, 1.95, 0.17, 1.17, 9.23, 2.84, 4.62, 0.64, 4.17, 21.62, 8.04, 0.21, 1.37, 12.09, 12.65, 16.14, 2.29, 1.69, 20.5, 6.85, 11.57, 10.16, 5.28, 2.94, 5.22, 2.7, 3.79, 13.25, 22.03, 8.48, 1.13, 8.75, 1.73, 22.46, 8.94, 2.16, 1.09, 8.3, 0.75, 5.03, 2.03, 0.53, 3.38, 8.57, 1.33, 11.44, 9.63, 3.84, 14.05, 0.14, 0.98, 7.07, 13.72, 33.05, 21.23, 7.63, 22.91, 9.43, 3.33, 8.13, 0.38, 2.43, 2.34, 1.9, -0.0, 0.24, 1.57, 16.36, 2.52, 2.8, 4.33, 31.69, 19.5, 5.79, 5.09, 2.25, 1.49, 14.4, 0.49, 3.13, 6.55, 9.33, 3.08, 6.2, 7.15, 14.58, 0.68, 4.45, 0.1, 0.79, 5.34, 3.18, 6.92, 12.23, 13.4, 24.42, 11.07, 8.21, 0.57, 3.64, 11.19, 8.66, 1.53, 15.33, 1.45, 13.56, 27.72, 14.76, 0.86, 5.99, 6.06, 6.41, 8.39, 0.94, 6.7, 10.38, 5.93, 5.73, 4.79, 1.21, 9.73, 4.11, 19.82, 6.13, 6.77, 10.95, 7.79, 29.48, 16.81, 2.99, 5.53, 3.95, 15.93, 2.07, 0.71, 4.74, 1.01, 7.46, 19.19, 5.47, 3.69, 11.82, 11.31, 9.13, 2.61, 3.28, 7.71, 25.6, 12.37, 14.22, 0.31, 1.99, 0.35, 2.21, 1.29, 10.83, 7.38, 17.79, 4.0, 17.05, 3.23, 7.31, 16.58, 2.75, 4.06, 18.32, 4.56, 0.46, 2.89, 4.91, 1.61, 17.54, 3.74, 12.51, 15.13, 1.25, 10.26, 5.6, 4.22, 23.89, 10.49, 6.27, 7.54, 20.85, 7.23, 15.52, 1.65, 18.89, 5.16, 2.47, 2.56, 3.04, 5.86, 5.41, 3.43, 9.04, 2.38, 2.12, 0.9, 6.34, 7.96, 0.03, 0.42, 2.66, 3.53, 10.05, 4.97, 1.82, 28.55, 15.73, 1.86, 34.65, 23.38, 9.94, 4.68, 0.82, 5.66, 4.5, 0.28, 1.78, 24.99, 11.69, 10.72, 7.0, 12.94, 18.6, 4.85, 1.41, 12.8, 17.29, 3.48, 9.53, 3.58, 10.6, 6.63, 9.84, 4.39, 42.71, 39.14, 30.52, 18.05, 4.28, 26.95, 13.89, 48.81, 0.07, 0.6, 3.9, 14.94, 1.05, 7.87, 36.61, 26.25, 13.09, 20.15, 6.48, 8.85, 1.95, 0.17, 1.17, 9.23, 2.84, 4.62, 0.64, 4.17, 21.62, 8.04, 0.21, 1.37, 12.09, 12.65, 16.14, 2.29, 1.69, 20.5, 6.85, 11.57, 10.16, 5.28, 2.94, 5.22, 2.7, 3.79, 13.25, 22.03, 8.48, 1.13, 8.75, 1.73, 22.46, 8.94, 2.16, 1.09, 8.3, 0.75]
------------
size of bin
 14
observed Bin
 [77, 71, 45, 29, 15, 16, 14, 11, 6, 2, 5, 2, 4, 3]
expectred Bin
 [87, 57, 42, 32, 24, 15, 10, 12, 6, 5, 2, 2, 3, 2]
X2 calcualted
 17.34
------------------------------------------------------------------------------------------------------------



------------------
Summery
Exponential Chi Square Restlts:

ins1	13.31
ins22	10.04
ins23	9.28
ws1	8.69
ws2	19.3
ws3	17.34

------------------
